24
1 0 0.41 0.41 0 1
0.41 0 1 -0.41 0 1
-0.41 0 1 -1 0 0.41
-1 0 0.41 -1 0 -0.41
-1 0 -0.41 -0.41 0 -1
-0.41 0 -1 0.41 0 -1
0.41 0 -1 1 0 -0.41
1 0 -0.41 1 0 0.41
1 1 0.41 0.41 1 1
0.41 1 1 -0.41 1 1
-0.41 1 1 -1 1 0.41
-1 1 0.41 -1 1 -0.41
-1 1 -0.41 -0.41 1 -1
-0.41 1 -1 0.41 1 -1
0.41 1 -1 1 1 -0.41
1 1 -0.41 1 1 0.41
1 0 0.41 1 1 0.41
0.41 0 1 0.41 1 1
-0.41 0 1 -0.41 1 1
-1 0 0.41 -1 1 0.41
-1 0 -0.41 -1 1 -0.41
-0.41 0 -1 -0.41 1 -1
0.41 0 -1 0.41 1 -1
1 0 -0.41 1 1 -0.41
9
4
1 0 0.41 0.41 0 1 1 1 0.41 0.41 1 1
4
0.41 0 1 -0.41 0 1 0.41 1 1 -0.41 1 1
4
-0.41 0 1 -1 0 0.41 -0.41 1 1 -1 1 0.41
4
-1 0 0.41 -1 0 -0.41 -1 1 0.41 -1 1 -0.41
4
-1 0 -0.41 -0.41 0 -1 -1 1 -0.41 -0.41 1 -1
4
-0.41 0 -1 0.41 0 -1 -0.41 1 -1 0.41 1 -1
4
0.41 0 -1 1 0 -0.41 0.41 1 -1 1 1 -0.41
4
1 0 -0.41 1 0 0.41 1 1 -0.41 1 1 0.41
8
1 1 0.41 0.41 1 1 -0.41 1 1 -1 1 0.41 -1 1 -0.41 -0.41 1 -1 0.41 1 -1 1 1 -0.41
